Epoch, Train loss, Validation accuracy
1 0.05035093624102665 0.196
2 0.05022943229301681 0.328
3 0.0486713041685317 0.374
4 0.0456314208482502 0.468
5 0.043911263731839394 0.544
6 0.04238362273318702 0.58
7 0.04138006746576368 0.568
8 0.04068367110989591 0.554
9 0.04024228032359399 0.568
10 0.03975806993120899 0.59
11 0.03920264195452214 0.618
12 0.03859573282506046 0.634
13 0.03825007812368273 0.678
14 0.03758475492574479 0.676
15 0.037018063789615724 0.682
16 0.0367217590860866 0.684
17 0.03627866227330222 0.674
18 0.03584588835428142 0.702
19 0.03546624090251707 0.698
20 0.035254323003461555 0.728
21 0.03515587265637849 0.724
22 0.03543345276296428 0.722
23 0.03472622885987139 0.722
24 0.03451064484184894 0.734
25 0.03446028760735168 0.736
26 0.03441733321677502 0.738
27 0.03415650814193901 0.74
28 0.03408439062620018 0.744
29 0.03388096028653023 0.744
30 0.03391353222684444 0.758
31 0.0337363598997643 0.748
32 0.03364672142296115 0.756
33 0.03360299157017845 0.758
34 0.033523770052223484 0.738
35 0.03351266348737507 0.754
Time taken for training with 35 epochs: 599.7438368797302seconds
Test accuracy = 0.794
