Epoch, Train loss, Validation accuracy
1 0.050335732121652474 0.25
2 0.050167990833376454 0.276
3 0.04800095227404057 0.382
4 0.0462064546847382 0.444
5 0.044603345996921395 0.578
6 0.04263387921361045 0.576
7 0.041435463579675494 0.604
8 0.04077941701658708 0.624
9 0.03969954859363051 0.642
10 0.03924224348753835 0.644
11 0.038811611556275015 0.65
12 0.03833147079378415 0.672
13 0.0379265524892314 0.7
14 0.03731070586475686 0.722
15 0.036713288004641 0.722
16 0.03648728295944041 0.71
17 0.03644901913664453 0.732
18 0.03598562039446946 0.728
19 0.035612560688293805 0.72
20 0.03545692334363842 0.758
21 0.035440354347710465 0.75
22 0.035619740339781436 0.73
23 0.03506949586080619 0.74
24 0.0349635535878203 0.758
25 0.03483380604782089 0.748
Time taken for training with 25 epochs: 113.3830840587616seconds
Test accuracy = 0.772
