Epoch, Train loss, Validation accuracy
1 0.05030913032314504 0.328
2 0.04932729192138296 0.396
3 0.04640949460917028 0.494
4 0.04494996544617636 0.528
5 0.043582868282359716 0.574
6 0.04162421762365517 0.614
7 0.039211541125385364 0.642
8 0.03771410564709942 0.672
9 0.03665730023759632 0.686
10 0.036172728473997655 0.712
11 0.03565348717286244 0.718
12 0.0353535564679514 0.736
13 0.03499431070391697 0.73
14 0.03478640821041699 0.726
15 0.034682571165781224 0.754
16 0.03446615850838783 0.75
17 0.03431536818166927 0.76
18 0.034023797401318834 0.746
19 0.03395828376005077 0.776
20 0.03390368584525412 0.778
21 0.03379644759252114 0.756
22 0.033562045478185275 0.764
23 0.03349137727490149 0.782
24 0.033306583027943655 0.782
25 0.033274597878024725 0.788
26 0.03304091294526283 0.776
27 0.033041522123509345 0.788
28 0.032975311473806376 0.788
29 0.03295253279809998 0.808
30 0.032879726386513194 0.792
31 0.032807757858313344 0.8
32 0.032803803140685706 0.792
33 0.03271179765414729 0.792
34 0.032637747645570696 0.8
Time taken for training with 34 epochs: 146.48157930374146seconds
Test accuracy = 0.812
